Date,Confirmed,NewCases
2020-04-12,555658,
2020-04-13,580930,25272.0
2020-04-14,608017,27087.0
2020-04-15,636876,28859.0
2020-04-16,668157,31281.0
2020-04-17,700241,32084.0
2020-04-18,732697,32456.0
2020-04-19,759495,26798.0
2020-04-20,784824,25329.0
2020-04-21,812576,27752.0
2020-04-22,841117,28541.0
2020-04-23,869954,28837.0
2020-04-24,906154,36200.0
2020-04-25,939099,32945.0
2020-04-26,966392,27293.0
2020-04-27,988984,22592.0
2020-04-28,1013496,24512.0
2020-04-29,1041025,27529.0
2020-04-30,1070488,29463.0
2020-05-01,1104691,34203.0
2020-05-02,1133576,28885.0
2020-05-03,1158859,25283.0
2020-05-04,1181277,22418.0
2020-05-05,1205428,24151.0
2020-05-06,1229809,24381.0
2020-05-07,1258204,28395.0
2020-05-08,1285206,27002.0
2020-05-09,1311126,25920.0
2020-05-10,1330677,19551.0
2020-05-11,1349027,18350.0
2020-05-12,1371262,22235.0
2020-05-13,1392010,20748.0
2020-05-14,1419022,27012.0
2020-05-15,1444125,25103.0
2020-05-16,1469160,25035.0
2020-05-17,1488256,19096.0
2020-05-18,1509949,21693.0
2020-05-19,1530327,20378.0
2020-05-20,1553435,23108.0
2020-05-21,1578909,25474.0
2020-05-22,1602815,23906.0
2020-05-23,1624155,21340.0
2020-05-24,1644622,20467.0
2020-05-25,1663640,19018.0
2020-05-26,1682562,18922.0
2020-05-27,1701037,18475.0
2020-05-28,1723667,22630.0
2020-05-29,1748095,24428.0
2020-05-30,1772316,24221.0
2020-05-31,1791873,19557.0
2020-06-01,1812667,20794.0
2020-06-02,1833918,21251.0
2020-06-03,1853832,19914.0
2020-06-04,1875213,21381.0
2020-06-05,1905475,30262.0
2020-06-06,1928230,22755.0
2020-06-07,1946478,18248.0
2020-06-08,1964167,17689.0
2020-06-09,1982413,18246.0
2020-06-10,2004015,21602.0
2020-06-11,2026805,22790.0
2020-06-12,2052539,25734.0
2020-06-13,2078319,25780.0
2020-06-14,2097526,19207.0
2020-06-15,2117422,19896.0
2020-06-16,2141178,23756.0
2020-06-17,2168101,26923.0
2020-06-18,2196225,28124.0
2020-06-19,2228025,31800.0
2020-06-20,2260846,32821.0
2020-06-21,2286116,25270.0
2020-06-22,2318727,32611.0
2020-06-23,2354931,36204.0
2020-06-24,2391037,36106.0
2020-06-25,2431604,40567.0
2020-06-26,2477552,45948.0
2020-06-27,2519216,41664.0
2020-06-28,2560117,40901.0
2020-06-29,2601716,41599.0
2020-06-30,2646909,45193.0
2020-07-01,2698360,51451.0
2020-07-02,2753492,55132.0
2020-07-03,2806615,53123.0
2020-07-04,2851872,45257.0
2020-07-05,2901747,49875.0
2020-07-06,2948085,46338.0
2020-07-07,3008798,60713.0
2020-07-08,3068467,59669.0
2020-07-09,3130818,62351.0
2020-07-10,3198973,68155.0
2020-07-11,3259007,60034.0
2020-07-12,3317628,58621.0
2020-07-13,3376344,58716.0
2020-07-14,3444894,68550.0
2020-07-15,3512930,68036.0
2020-07-16,3588671,75741.0
2020-07-17,3660789,72118.0
2020-07-18,3724328,63539.0
2020-07-19,3785479,61151.0
2020-07-20,3847022,61543.0
2020-07-21,3911955,64933.0
2020-07-22,3982265,70310.0
2020-07-23,4050437,68172.0
2020-07-24,4124694,74257.0
2020-07-25,4188969,64275.0
2020-07-26,4245157,56188.0
2020-07-27,4301840,56683.0
2020-07-28,4368573,66733.0
2020-07-29,4440145,71572.0
2020-07-30,4508096,67951.0
2020-07-31,4576765,68669.0
2020-08-01,4634005,57240.0
2020-08-02,4679979,45974.0
2020-08-03,4726274,46295.0
2020-08-04,4785459,59185.0
2020-08-05,4839286,53827.0
2020-08-06,4898780,59494.0
2020-08-07,4958391,59611.0
2020-08-08,5013399,55008.0
2020-08-09,5060256,46857.0
2020-08-10,5107902,47646.0
2020-08-11,5156196,48294.0
2020-08-12,5211756,55560.0
2020-08-13,5262982,51226.0
2020-08-14,5328324,65342.0
2020-08-15,5376017,47693.0
2020-08-16,5415989,39972.0
2020-08-17,5452064,36075.0
2020-08-18,5497222,45158.0
2020-08-19,5543870,46648.0
2020-08-20,5587853,43983.0
2020-08-21,5637403,49550.0
2020-08-22,5681061,43658.0
2020-08-23,5715545,34484.0
2020-08-24,5752480,36935.0
2020-08-25,5792693,40213.0
2020-08-26,5836270,43577.0
2020-08-27,5881922,45652.0
2020-08-28,5929028,47106.0
2020-08-29,5973091,44063.0
2020-08-30,6007513,34422.0
2020-08-31,6045051,37538.0
2020-09-01,6087733,42682.0
2020-09-02,6127855,40122.0
2020-09-03,6164774,36919.0
2020-09-04,6215556,50782.0
2020-09-05,6259175,43619.0
2020-09-06,6290658,31483.0
2020-09-07,6314889,24231.0
2020-09-08,6341852,26963.0
2020-09-09,6376556,34704.0
2020-09-10,6411345,34789.0
2020-09-11,6459350,48005.0
2020-09-12,6501040,41690.0
2020-09-13,6535293,34253.0
2020-09-14,6570007,34714.0
2020-09-15,6609430,39423.0
2020-09-16,6647887,38457.0
2020-09-17,6693215,45328.0
2020-09-18,6742685,49470.0
2020-09-19,6785584,42899.0
2020-09-20,6825080,39496.0
2020-09-21,6877002,51922.0
2020-09-22,6917253,40251.0
2020-09-23,6955049,37796.0
2020-09-24,7002580,47531.0
2020-09-25,7055685,53105.0
2020-09-26,7100978,45293.0
2020-09-27,7139364,38386.0
2020-09-28,7172804,33440.0
2020-09-29,7216935,44131.0
2020-09-30,7257669,40734.0
2020-10-01,7303377,45708.0
2020-10-02,7358592,55215.0
2020-10-03,7407548,48956.0
2020-10-04,7443401,35853.0
2020-10-05,7483135,39734.0
2020-10-06,7528606,45471.0
2020-10-07,7578571,49965.0
2020-10-08,7637331,58760.0
2020-10-09,7693978,56647.0
2020-10-10,7749120,55142.0
2020-10-11,7795081,45961.0
2020-10-12,7837366,42285.0
2020-10-13,7889760,52394.0
2020-10-14,7949438,59678.0
2020-10-15,8014552,65114.0
2020-10-16,8083801,69249.0
2020-10-17,8140602,56801.0
2020-10-18,8190142,49540.0
2020-10-19,8258224,68082.0
2020-10-20,8320401,62177.0
2020-10-21,8383099,62698.0
2020-10-22,8459525,76426.0
2020-10-23,8542268,82743.0
2020-10-24,8625196,82928.0
2020-10-25,8687915,62719.0
2020-10-26,8755472,67557.0
2020-10-27,8833421,77949.0
2020-10-28,8912225,78804.0
2020-10-29,9003703,91478.0
2020-10-30,9103330,99627.0
2020-10-31,9193131,89801.0
2020-11-01,9298152,105021.0
2020-11-02,9384007,85855.0
2020-11-03,9511696,127689.0
2020-11-04,9615616,103920.0
2020-11-05,9745085,129469.0
2020-11-06,9873399,128314.0
2020-11-07,10001300,127901.0
2020-11-08,10125410,124110.0
2020-11-09,10203318,77908.0
2020-11-10,10348654,145336.0
2020-11-11,10495303,146649.0
2020-11-12,10660154,164851.0
2020-11-13,10840552,180398.0
2020-11-14,11008437,167885.0
2020-11-15,11144637,136200.0
2020-11-16,11307207,162570.0
2020-11-17,11471106,163899.0
2020-11-18,11644245,173139.0
2020-11-19,11835685,191440.0
2020-11-20,12034510,198825.0
2020-11-21,12213922,179412.0
2020-11-22,12360796,146874.0
2020-11-23,12534832,174036.0
2020-11-24,12710323,175491.0
2020-11-25,12893929,183606.0
2020-11-26,13006412,112483.0
2020-11-27,13214388,207976.0
2020-11-28,13370035,155647.0
2020-11-29,13510327,140292.0
2020-11-30,13670698,160371.0
2020-12-01,13859037,188339.0
2020-12-02,14061931,202894.0
2020-12-03,14285352,223421.0
2020-12-04,14517996,232644.0
2020-12-05,14733807,215811.0
2020-12-06,14915060,181253.0
2020-12-07,15109469,194409.0
2020-12-08,15333921,224452.0
2020-12-09,15556569,222648.0
2020-12-10,15787997,231428.0
2020-12-11,16028086,240089.0
2020-12-12,16245883,217797.0
2020-12-13,16433854,187971.0
2020-12-14,16628168,194314.0
2020-12-15,16837160,208992.0
2020-12-16,17083804,246644.0
2020-12-17,17323704,239900.0
2020-12-18,17575536,251832.0
2020-12-19,17767638,192102.0
2020-12-20,17955653,188015.0
2020-12-21,18154356,198703.0
2020-12-22,18352463,198107.0
2020-12-23,18582087,229624.0
2020-12-24,18776242,194155.0
2020-12-25,18874122,97880.0
2020-12-26,19100538,226416.0
2020-12-27,19256383,155845.0
2020-12-28,19430535,174152.0
2020-12-29,19630943,200408.0
2020-12-30,19864644,233701.0
2020-12-31,20100244,235600.0
2021-01-01,20254160,153916.0
2021-01-02,20554622,300462.0
2021-01-03,20763475,208853.0
2021-01-04,20947480,184005.0
2021-01-05,21182522,235042.0
2021-01-06,21438159,255637.0
2021-01-07,21716496,278337.0
2021-01-08,22011753,295257.0
2021-01-09,22272720,260967.0
2021-01-10,22486135,213415.0
2021-01-11,22700799,214664.0
2021-01-12,22927766,226967.0
2021-01-13,23158067,230301.0
2021-01-14,23393833,235766.0
2021-01-15,23636613,242780.0
2021-01-16,23838471,201858.0
2021-01-17,24016402,177931.0
2021-01-18,24160000,143598.0
2021-01-19,24336216,176216.0
2021-01-20,24519477,183261.0
2021-01-21,24713333,193856.0
2021-01-22,24904093,190760.0
2021-01-23,25074852,170759.0
2021-01-24,25206050,131198.0
2021-01-25,25357727,151677.0
2021-01-26,25505353,147626.0
2021-01-27,25659314,153961.0
2021-01-28,25828118,168804.0
2021-01-29,25994731,166613.0
2021-01-30,26137190,142459.0
2021-01-31,26249342,112152.0
2021-02-01,26384317,134975.0
2021-02-02,26499620,115303.0
2021-02-03,26621311,121691.0
2021-02-04,26745317,124006.0
2021-02-05,26879739,134422.0
2021-02-06,26983915,104176.0
2021-02-07,27073661,89746.0
2021-02-08,27164099,90438.0
2021-02-09,27259364,95265.0
2021-02-10,27354614,95250.0
2021-02-11,27460378,105764.0
2021-02-12,27560048,99670.0
2021-02-13,27647267,87219.0
2021-02-14,27712402,65135.0
2021-02-15,27766681,54279.0
2021-02-16,27829179,62498.0
2021-02-17,27899318,70139.0
2021-02-18,27969229,69911.0
2021-02-19,28048511,79282.0
2021-02-20,28120207,71696.0
2021-02-21,28177359,57152.0
2021-02-22,28233518,56159.0
2021-02-23,28305788,72270.0
2021-02-24,28380537,74749.0
2021-02-25,28458041,77504.0
2021-02-26,28535390,77349.0
2021-02-27,28600015,64625.0
2021-02-28,28651436,51421.0
2021-03-01,28709536,58100.0
2021-03-02,28766634,57098.0
2021-03-03,28833825,67191.0
2021-03-04,28901885,68060.0
2021-03-05,28968304,66419.0
2021-03-06,29026558,58254.0
2021-03-07,29067631,41073.0
2021-03-08,29112548,44917.0
2021-03-09,29170215,57667.0
2021-03-10,29228110,57895.0
2021-03-11,29290581,62471.0
2021-03-12,29352094,61513.0
2021-03-13,29405125,53031.0
2021-03-14,29443403,38278.0
2021-03-15,29499944,56541.0
2021-03-16,29553952,54008.0
2021-03-17,29613232,59280.0
2021-03-18,29673607,60375.0
2021-03-19,29735258,61651.0
2021-03-20,29790777,55519.0
2021-03-21,29824599,33822.0
2021-03-22,29876035,51436.0
2021-03-23,29929723,53688.0
2021-03-24,30016661,86938.0
2021-03-25,30084207,67546.0
2021-03-26,30161584,77377.0
2021-03-27,30224426,62842.0
2021-03-28,30267649,43223.0
2021-03-29,30336922,69273.0
2021-03-30,30398351,61429.0
2021-03-31,30465116,66765.0
2021-04-01,30544235,79119.0
2021-04-02,30614122,69887.0
2021-04-03,30677383,63261.0
2021-04-04,30712516,35133.0
2021-04-05,30789920,77404.0
2021-04-06,30850594,60674.0
2021-04-07,30925615,75021.0
2021-04-08,31005509,79894.0
2021-04-09,31088219,82710.0
2021-04-10,31154904,66685.0
2021-04-11,31201411,46507.0
2021-04-12,31271490,70079.0
2021-04-13,31349456,77966.0
2021-04-14,31424859,75403.0
2021-04-15,31499167,74308.0
2021-04-16,31579238,80071.0
2021-04-17,31631770,52532.0
2021-04-18,31673891,42121.0
2021-04-19,31741996,68105.0
2021-04-20,31802945,60949.0
2021-04-21,31865800,62855.0
2021-04-22,31933078,67278.0
2021-04-23,31995489,62411.0
2021-04-24,32048984,53495.0
2021-04-25,32081137,32153.0
2021-04-26,32128705,47568.0
2021-04-27,32179541,50836.0
2021-04-28,32234691,55150.0
2021-04-29,32292942,58251.0
2021-04-30,32350861,57919.0
2021-05-01,32396252,45391.0
2021-05-02,32425655,29403.0
2021-05-03,32476146,50491.0
2021-05-04,32516869,40723.0
2021-05-05,32561573,44704.0
2021-05-06,32609130,47557.0
2021-05-07,32657260,48130.0
2021-05-08,32690935,33675.0
2021-05-09,32712362,21427.0
2021-05-10,32749160,36798.0
2021-05-11,32782822,33662.0
2021-05-12,32818648,35826.0
2021-05-13,32856724,38076.0
2021-05-14,32898984,42260.0
2021-05-15,32927841,28857.0
2021-05-16,32944716,16875.0
2021-05-17,32973337,28621.0
2021-05-18,33001126,27789.0
2021-05-19,33030427,29301.0
2021-05-20,33060633,30206.0
2021-05-21,33088579,27946.0
2021-05-22,33108377,19798.0
2021-05-23,33121245,12868.0
2021-05-24,33147060,25815.0
2021-05-25,33169799,22739.0
2021-05-26,33193775,23976.0
2021-05-27,33221223,27448.0
2021-05-28,33243082,21859.0
2021-05-29,33255083,12001.0
2021-05-30,33261817,6734.0
2021-05-31,33267592,5775.0
2021-06-01,33290532,22940.0
2021-06-02,33307449,16917.0
2021-06-03,33326529,19080.0
2021-06-04,33343379,16850.0
2021-06-05,33357285,13906.0
2021-06-06,33362680,5395.0
2021-06-07,33378176,15496.0
2021-06-08,33391189,13013.0
2021-06-09,33409836,18647.0
2021-06-10,33424381,14545.0
2021-06-11,33449080,24699.0
2021-06-12,33457308,8228.0
2021-06-13,33462085,4777.0
2021-06-14,33474815,12730.0
2021-06-15,33486120,11305.0
2021-06-16,33498545,12425.0
2021-06-17,33508938,10393.0
2021-06-18,33529529,20591.0
2021-06-19,33538049,8520.0
2021-06-20,33541941,3892.0
2021-06-21,33554275,12334.0
2021-06-22,33565215,10940.0
2021-06-23,33577651,12436.0
2021-06-24,33590481,12830.0
2021-06-25,33614196,23715.0
2021-06-26,33621499,7303.0
2021-06-27,33625419,3920.0
2021-06-28,33640502,15083.0
2021-06-29,33651852,11350.0
2021-06-30,33664970,13118.0
2021-07-01,33679433,14463.0
2021-07-02,33709325,29892.0
2021-07-03,33714064,4739.0
2021-07-04,33717761,3697.0
2021-07-05,33723289,5528.0
2021-07-06,33747513,24224.0
2021-07-07,33770444,22931.0
2021-07-08,33790505,20061.0
2021-07-09,33838746,48241.0
2021-07-10,33847784,9038.0
2021-07-11,33853948,6164.0
2021-07-12,33888961,35013.0
2021-07-13,33915385,26424.0
2021-07-14,33947230,31845.0
2021-07-15,33975642,28412.0
2021-07-16,34054952,79310.0
2021-07-17,34067912,12960.0
2021-07-18,34079960,12048.0
2021-07-19,34132071,52111.0
2021-07-20,34174774,42703.0
2021-07-21,34226806,52032.0
2021-07-22,34283648,56842.0
2021-07-23,34402806,119158.0
2021-07-24,34430608,27802.0
2021-07-25,34443821,13213.0
2021-07-26,34533179,89358.0
2021-07-27,34603919,70740.0
2021-07-28,34672690,68771.0
2021-07-29,34750860,78170.0
2021-07-30,34945468,194608.0
2021-07-31,34978276,32808.0
2021-08-01,35003417,25141.0
2021-08-02,35131393,127976.0
2021-08-03,35237950,106557.0
2021-08-04,35330664,92714.0
2021-08-05,35440488,109824.0
2021-08-06,35695469,254981.0
2021-08-07,35739551,44082.0
2021-08-08,35763785,24234.0
2021-08-09,35948131,184346.0
2021-08-10,36055002,106871.0
2021-08-11,36190179,135177.0
2021-08-12,36306724,116545.0
2021-08-13,36597564,290840.0
